2   2   4   7   11  13  13  13  15  16  
20  27  28  28  28  31  32  35  37  38  
39  41  43  48  50  54  56  64  73  76  
82  86  86  89  93  94  96  97  102 103 
106 109 119 120 125 127 128 129 136 141 
143 144 145 146 153 158 161 161 170 172 
173 175 176 177 180 186 188 191 192 192 
192 194 194 195 197 200 202 204 205 207 
207 210 210 210 217 219 220 222 229 229 
229 230 231 237 243 244 246 252 254 256 
257 258 266 267 269 271 273 273 279 282 
283 285 291 291 291 302 305 305 305 307 
311 311 312 315 317 319 321 323 337 344 
347 348 348 353 353 353 358 361 362 363 
367 374 380 383 383 386 389 391 392 394 
396 401 407 407 413 415 416 416 418 419 
419 419 420 424 429 431 432 433 434 434 
437 440 443 444 448 448 448 449 449 449 
452 453 453 454 455 456 458 458 465 472 
473 476 476 477 486 492 492 493 498 498 

The time of sort is 4 ms.
