2   2   2   2   2   2   2   2   2   2   
2   2   2   2   2   2   2   2   2   2   
2   2   2   2   2   2   2   2   2   2   
2   2   2   2   2   2   2   2   2   2   
2   2   4   4   4   4   4   4   4   4   
4   4   4   4   4   4   4   4   4   4   
4   4   4   4   4   4   4   4   4   4   
4   4   4   4   4   4   4   4   4   4   
4   4   4   4   4   4   4   4   4   4   
4   4   4   11  11  11  11  11  11  11  
11  11  11  11  11  11  11  11  11  11  
11  11  11  11  11  11  11  11  11  11  
11  11  11  11  11  11  11  11  11  11  
11  11  11  11  11  11  11  11  11  11  
11  11  11  11  11  11  11  11  11  48  
48  48  48  48  48  48  48  48  48  48  
48  48  48  48  48  48  48  48  48  48  
48  48  48  48  48  48  48  48  48  48  
48  48  48  48  48  48  48  48  48  48  
258 273 273 273 273 273 273 273 307 307 

The time of sort is 25 ms.
