10000
428 133 399 134 487 190 23  339 107 10  
432 51  40  276 32  102 113 148 23  58  
70  119 67  330 134 18  137 154 488 342 
465 74  18  22  51  346 130 121 446 472 
360 138 409 122 355 389 496 161 239 82  
268 378 440 428 178 100 181 115 113 398 
403 258 281 279 203 132 395 155 253 49  
487 428 403 419 441 409 309 346 7   386 
142 213 373 164 175 97  250 373 378 339 
91  263 378 5   474 109 345 1   272 199 
142 350 245 188 184 79  315 473 450 265 
130 79  137 371 303 128 207 451 396 326 
209 88  63  196 223 339 233 449 55  254 
197 158 411 99  417 463 27  424 496 185 
122 39  184 403 328 9   90  490 68  318 
92  402 178 115 430 457 352 251 44  342 
125 439 59  22  242 146 186 358 44  187 
51  426 38  224 14  283 499 466 477 479 
158 298 497 401 434 328 464 387 240 470 
147 224 99  152 154 133 450 37  261 439 
259 184 493 190 436 487 256 237 150 400 
81  206 406 459 368 123 179 219 112 333 
463 228 270 31  433 180 417 34  147 129 
374 168 413 315 206 251 461 126 69  48  
229 157 425 59  106 104 180 225 458 132 
195 223 429 493 235 92  335 92  460 190 
45  174 280 201 496 403 213 193 322 11  
102 125 436 134 174 203 155 310 202 362 
140 334 476 66  109 469 89  394 193 148 
1   36  420 35  27  389 413 125 446 374 
21  215 294 302 115 115 132 381 246 86  
261 314 467 142 92  108 113 95  166 426 
111 192 197 88  184 474 421 12  53  241 
246 4   432 46  146 382 398 40  278 149 
169 13  138 326 204 296 282 215 345 353 
58  263 445 188 83  175 277 21  19  474 
250 167 93  335 293 84  377 322 61  165 
197 108 354 342 209 69  28  388 267 295 
39  153 151 213 464 488 329 435 275 213 
212 448 326 171 374 393 374 144 268 12  
133 365 452 169 220 359 301 107 134 362 
371 263 68  412 350 280 418 259 51  286 
50  322 337 460 48  141 350 56  310 244 
355 267 320 442 139 20  358 322 338 237 
93  281 57  151 64  85  322 361 240 94  
202 224 342 356 333 5   131 316 225 207 
68  206 429 331 84  474 372 198 390 257 
466 146 303 330 198 499 295 62  288 47  
115 169 178 56  456 326 86  268 277 93  
306 311 450 55  342 413 331 234 61  14  
303 161 118 218 499 81  341 196 362 233 
463 358 442 48  14  98  26  482 80  63  
133 184 309 143 355 319 203 344 383 345 
98  92  417 266 257 265 473 190 139 137 
463 32  313 243 264 378 386 14  289 306 
252 201 295 457 127 23  211 261 144 420 
79  249 212 100 384 307 365 28  429 469 
419 66  328 321 402 345 415 465 112 13  
82  19  366 351 111 400 256 84  386 383 
320 98  206 308 307 55  188 25  450 442 
55  46  150 4   87  4   247 432 406 463 
182 114 304 112 441 412 73  316 135 232 
240 455 180 64  2   7   194 212 145 129 
277 68  219 436 208 14  170 419 156 40  
196 381 192 113 186 47  254 212 229 202 
77  493 1   218 392 365 150 146 57  408 
171 329 170 233 41  80  108 276 336 476 
496 62  463 347 451 386 294 18  372 239 
235 102 33  363 498 416 451 6   354 413 
258 326 247 341 208 121 53  430 239 443 
212 253 356 85  366 413 103 122 327 495 
156 142 35  216 400 221 389 492 109 193 
194 419 26  390 219 83  459 112 307 398 
200 282 260 96  383 162 13  410 235 53  
244 412 186 68  254 96  410 455 399 468 
143 289 38  290 272 372 0   277 321 283 
268 443 195 337 467 126 250 4   460 327 
39  185 411 441 369 22  462 181 470 265 
353 26  85  355 166 376 274 89  103 349 
175 137 382 219 70  232 225 394 117 215 
480 40  420 376 219 28  101 470 484 265 
164 164 441 123 258 73  342 310 220 132 
334 189 468 106 314 156 343 100 258 262 
203 131 59  277 118 25  196 315 72  310 
289 490 450 207 117 219 11  397 278 380 
207 441 407 497 362 283 409 379 174 188 
318 20  252 249 170 118 281 77  434 256 
223 98  131 389 421 30  235 242 215 135 
171 225 471 1   292 407 349 223 493 328 
96  485 293 1   229 260 197 263 268 18  
90  465 293 120 448 113 316 278 217 123 
267 58  127 143 155 303 135 90  142 374 
380 98  353 94  403 237 194 480 277 67  
239 186 454 99  40  22  87  436 80  210 
46  68  51  366 275 12  44  223 71  417 
281 149 25  139 256 127 201 300 194 226 
224 435 67  157 115 49  212 447 451 212 
232 94  341 443 46  187 424 297 293 145 
140 33  293 119 171 481 98  276 301 193 
302 205 340 195 32  390 261 445 386 164 
322 186 230 278 20  193 417 310 96  422 
3   498 177 318 231 284 476 81  238 278 
188 230 346 321 371 295 17  317 145 149 
393 404 231 490 174 387 330 461 191 486 
265 323 414 22  156 120 206 73  79  479 
249 180 411 153 481 371 51  498 82  486 
153 30  287 59  426 340 306 124 119 397 
348 127 386 127 137 303 76  326 283 376 
300 335 74  74  348 15  315 150 291 226 
161 222 471 460 481 218 103 108 39  238 
103 115 430 341 94  316 192 439 305 258 
122 480 211 428 298 133 249 32  285 42  
218 17  396 428 381 11  345 127 138 213 
395 288 258 273 499 361 47  452 276 69  
43  42  370 94  332 160 413 36  156 227 
351 200 446 264 499 16  233 295 39  1   
195 36  338 378 232 457 107 419 276 256 
457 449 323 239 199 128 95  49  318 311 
251 326 192 167 34  211 127 246 242 123 
15  441 314 237 436 192 434 296 135 405 
101 31  442 76  275 180 74  185 488 236 
321 31  473 323 317 379 490 26  75  423 
187 348 479 249 323 400 200 423 406 153 
183 373 254 7   116 25  328 203 215 493 
376 444 67  78  166 183 221 272 38  424 
49  395 450 22  166 152 195 461 246 378 
25  362 410 302 219 190 234 453 47  111 
97  281 105 55  180 347 6   142 461 175 
386 278 390 320 474 201 98  306 152 208 
367 105 464 257 0   369 392 281 229 254 
58  211 25  168 276 67  388 75  197 404 
81  343 190 81  316 172 339 177 56  64  
367 316 263 1   261 179 395 444 153 332 
405 478 54  48  290 435 402 66  57  84  
347 408 184 461 286 406 487 198 385 13  
75  169 461 82  237 5   58  204 288 25  
135 479 241 109 364 170 173 92  209 22  
2   165 360 99  94  407 263 256 203 495 
356 242 251 97  304 386 306 369 289 144 
206 108 344 246 321 49  343 92  318 277 
179 259 369 263 472 426 464 492 423 446 
366 433 60  400 206 449 450 264 321 122 
28  46  391 80  309 44  175 176 482 104 
52  89  202 259 250 292 55  70  166 181 
483 179 95  199 102 223 278 56  398 103 
79  139 374 463 379 489 275 103 468 445 
339 460 32  289 388 317 379 18  241 418 
167 140 412 12  340 18  256 255 403 142 
131 376 247 304 62  452 499 347 164 341 
475 393 301 421 401 368 96  116 125 249 
335 429 388 460 124 389 266 432 291 240 
470 360 83  248 402 350 126 267 335 95  
118 459 446 331 88  251 132 406 366 497 
3   372 131 226 77  161 485 374 140 60  
112 425 463 325 169 429 28  284 233 472 
494 64  259 348 469 383 20  450 148 252 
454 80  466 15  330 474 433 192 378 115 
370 30  221 63  85  313 253 287 480 158 
311 65  109 318 161 486 273 218 17  217 
434 145 295 213 309 190 465 305 20  195 
294 415 310 51  420 106 64  260 379 276 
22  140 460 44  67  81  75  199 298 82  
295 294 265 217 115 487 498 150 362 87  
123 441 51  431 182 142 107 46  190 335 
111 2   364 371 308 183 85  470 272 204 
319 2   170 423 406 368 14  223 177 493 
219 460 50  463 72  171 350 367 52  342 
4   61  425 427 279 374 315 220 330 101 
206 105 288 79  326 281 413 87  110 58  
95  98  63  299 132 387 69  31  355 103 
49  228 309 463 281 361 490 146 346 399 
299 212 8   54  299 463 475 352 365 93  
472 477 408 418 253 449 494 104 434 259 
340 268 32  366 463 455 87  5   391 65  
23  434 476 473 98  162 349 345 233 51  
367 303 348 359 215 187 483 258 15  363 
275 222 395 329 496 461 46  152 235 410 
214 289 71  308 404 283 272 91  349 497 
245 104 278 487 470 467 185 216 276 310 
136 375 380 177 477 95  269 453 199 55  
30  250 368 482 351 472 116 435 346 119 
309 468 21  165 251 187 55  380 197 94  
24  461 248 48  57  233 456 388 11  249 
354 170 62  315 437 422 249 383 203 147 
316 451 453 385 407 163 461 67  229 103 
4   24  147 34  72  414 26  347 340 107 
18  299 430 356 69  286 376 435 23  1   
478 69  163 339 342 420 309 262 341 217 
374 456 34  414 469 91  352 238 259 370 
313 197 78  249 372 437 269 159 14  389 
491 21  80  45  313 190 480 22  237 361 
115 195 316 415 318 92  342 426 319 443 
141 269 161 181 419 252 183 202 100 354 
390 194 75  109 138 345 411 34  242 254 
298 134 262 217 333 308 332 91  486 376 
266 149 38  363 119 323 29  464 88  26  
444 374 381 76  62  199 72  404 50  481 
413 188 431 183 322 425 184 314 157 326 
454 477 8   369 303 325 21  39  497 241 
370 321 171 345 306 70  232 196 325 347 
36  68  452 477 374 189 56  393 76  3   
49  186 360 0   82  78  469 251 380 450 
45  246 338 355 328 9   90  25  72  276 
97  0   395 379 388 279 266 228 284 120 
399 61  403 209 189 490 119 412 283 285 
115 59  158 344 56  361 447 499 369 64  
296 83  113 309 365 190 496 141 43  220 
81  303 328 297 292 409 490 228 472 204 
476 263 18  110 457 368 111 463 276 263 
114 159 287 497 157 225 136 56  389 76  
205 480 316 65  415 334 392 146 409 192 
285 481 462 300 291 232 160 224 383 15  
475 172 474 22  457 169 0   85  379 227 
355 218 120 134 381 190 232 490 53  322 
160 438 225 127 368 437 40  24  249 216 
278 267 492 184 4   250 86  488 439 159 
446 33  285 474 256 272 155 390 299 163 
2   387 322 420 253 295 73  102 13  434 
143 458 185 430 187 141 133 446 287 42  
294 142 172 427 284 65  145 223 78  342 
84  338 405 369 306 397 316 260 335 271 
367 455 253 296 59  340 368 472 464 491 
466 459 444 159 75  480 59  253 383 87  
348 381 271 423 303 70  54  364 155 262 
465 344 361 158 129 11  106 66  95  261 
474 148 204 103 257 297 190 154 227 116 
435 395 182 236 493 410 107 376 177 286 
33  433 187 72  237 123 150 459 326 335 
108 176 46  421 73  305 358 36  197 223 
79  42  363 257 94  402 364 411 174 214 
315 131 239 102 173 292 300 10  260 196 
208 36  132 272 242 126 50  403 431 52  
28  120 244 229 261 443 352 463 217 157 
231 289 208 334 84  60  348 33  304 292 
271 246 300 287 337 226 223 428 137 3   
183 450 332 397 330 387 123 266 248 235 
65  269 415 420 428 141 137 224 46  100 
409 252 59  440 405 102 345 66  331 498 
244 146 79  493 167 458 280 340 475 274 
97  195 402 451 269 435 415 226 258 472 
124 228 111 183 100 276 84  153 258 440 
46  320 305 411 107 410 114 327 446 186 
475 483 239 282 442 295 210 242 137 270 
62  114 350 0   384 492 434 56  224 342 
398 384 255 459 126 348 277 87  433 379 
358 71  313 180 307 292 307 245 62  258 
466 457 494 350 209 119 311 95  201 53  
202 467 263 18  219 21  74  275 128 342 
101 148 413 219 80  354 153 289 411 132 
324 282 302 207 181 378 167 142 342 220 
373 274 381 20  71  81  374 393 117 213 
486 419 40  248 422 360 127 301 224 194 
77  141 101 86  146 176 116 24  142 13  
142 176 23  197 222 151 289 238 295 304 
322 454 168 24  160 184 99  112 480 249 
457 159 345 308 440 59  364 291 242 308 
264 296 478 314 285 372 137 478 65  433 
466 264 55  294 49  491 84  311 32  62  
190 198 275 226 202 93  226 96  121 413 
296 176 383 139 26  30  165 480 133 8   
227 302 476 92  47  461 262 116 347 339 
486 415 141 384 199 405 158 236 322 442 
182 210 74  6   26  345 372 265 193 45  
438 446 123 297 393 421 94  490 462 121 
7   130 97  382 317 278 468 363 96  437 
161 383 177 50  127 102 472 303 238 306 
75  23  306 459 281 25  352 426 128 386 
62  392 299 169 444 255 70  89  347 197 
420 443 155 217 0   72  227 230 183 57  
488 449 5   142 47  71  213 411 434 95  
342 389 33  276 175 488 443 138 281 65  
160 161 250 391 15  123 446 386 12  16  
334 467 163 303 317 97  229 38  343 71  
90  228 330 475 336 14  302 79  224 180 
464 386 486 14  119 305 201 22  143 334 
299 83  353 317 174 91  210 89  177 45  
79  169 217 402 217 392 491 77  298 213 
248 72  432 235 162 97  309 61  11  145 
246 33  275 216 312 206 343 241 144 54  
238 435 349 25  279 272 263 355 5   293 
263 356 426 318 365 70  315 256 285 386 
414 340 317 67  306 357 35  123 127 65  
215 432 89  248 190 310 487 306 293 318 
446 222 207 54  304 3   8   313 330 226 
264 398 257 160 479 292 356 149 294 445 
396 384 350 167 90  185 424 318 121 249 
193 3   104 85  431 208 70  218 203 393 
150 439 140 331 58  307 420 495 110 157 
345 397 426 365 43  402 464 409 289 459 
139 156 489 335 93  297 379 106 53  403 
128 474 440 24  27  6   209 228 160 274 
312 379 125 294 133 453 386 322 388 244 
39  498 402 163 499 277 17  203 479 387 
489 275 289 456 192 232 251 167 279 444 
123 191 461 238 284 371 303 135 337 43  
97  407 344 354 417 451 145 495 41  305 
376 349 21  361 28  242 153 47  358 105 
244 293 226 279 82  86  227 179 171 479 
117 257 120 113 318 265 93  475 446 191 
48  305 428 102 202 1   284 473 291 382 
338 38  415 386 55  109 490 472 235 195 
71  329 350 320 436 470 99  121 217 271 
450 234 251 331 445 147 419 80  61  294 
440 272 133 264 48  183 459 187 490 335 
142 443 284 378 225 359 122 247 234 167 
247 188 376 336 82  169 181 104 41  293 
231 46  381 21  434 472 77  153 155 91  
177 347 430 139 461 93  260 8   242 443 
487 499 283 348 474 105 68  73  146 213 
39  148 229 384 229 21  113 470 268 343 
493 298 440 73  62  47  394 486 40  133 
151 450 374 137 334 226 323 457 422 455 
26  101 294 197 325 159 314 433 258 150 
333 345 318 92  423 272 485 318 285 418 
54  339 462 88  322 381 12  299 139 7   
451 153 227 446 326 37  119 458 260 4   
441 291 357 332 379 225 293 364 61  29  
7   488 48  234 310 374 245 490 140 397 
166 412 452 437 100 114 294 343 345 142 
252 251 146 63  99  251 219 185 474 234 
401 36  275 144 140 125 124 483 3   5   
415 355 17  28  12  270 249 290 303 68  
0   307 194 45  109 484 425 362 17  231 
184 156 65  351 11  415 277 130 319 324 
438 159 405 89  402 215 476 45  190 313 
292 10  484 249 49  490 282 159 140 238 
251 361 428 105 61  142 11  68  275 295 
140 392 75  497 352 328 62  337 212 45  
423 109 414 480 225 304 37  350 29  347 
194 262 460 1   473 478 113 124 444 451 
245 209 318 219 422 458 143 111 141 225 
379 286 432 256 424 95  288 43  404 50  
235 162 407 326 88  155 69  141 429 170 
190 260 133 428 342 425 204 97  336 255 
80  216 394 176 113 152 219 325 31  7   
183 245 462 370 6   206 107 29  64  313 
165 5   464 164 482 243 260 363 323 89  
96  386 417 151 196 320 114 347 139 145 
184 276 401 447 223 21  396 151 357 330 
259 447 157 238 159 482 204 220 375 44  
168 195 262 446 258 103 18  17  31  13  
395 343 269 94  140 169 15  121 353 24  
10  233 14  189 261 336 74  239 471 121 
284 176 112 331 314 187 73  155 79  192 
408 140 339 288 448 281 240 82  48  495 
292 466 34  187 480 313 478 382 150 342 
127 215 302 128 170 497 142 135 168 318 
428 267 238 406 1   122 443 88  298 250 
484 354 73  428 33  108 297 323 94  79  
431 475 45  310 342 463 145 116 4   436 
410 179 333 60  299 309 10  304 44  273 
238 202 430 496 394 174 443 184 131 345 
274 484 208 366 195 146 35  173 487 430 
336 205 499 27  353 315 481 231 445 99  
406 130 435 393 478 139 392 476 265 302 
436 241 203 41  305 56  150 466 306 411 
395 297 215 175 2   118 340 202 458 141 
251 89  249 388 94  207 167 52  349 491 
329 160 460 299 12  314 296 128 47  287 
103 23  17  198 357 353 321 16  136 91  
88  430 55  397 161 46  174 189 23  195 
185 114 336 116 404 429 48  183 354 14  
120 93  165 288 216 268 153 59  151 216 
138 278 174 308 83  192 258 74  160 113 
249 308 460 89  283 71  63  45  341 487 
298 155 207 104 453 407 74  193 99  425 
324 220 237 217 3   137 239 453 292 210 
292 114 497 90  141 169 265 161 491 182 
170 79  81  70  170 312 22  14  350 348 
137 396 468 66  378 62  81  366 337 472 
79  431 369 321 207 58  104 221 13  257 
225 73  494 271 374 55  47  177 381 204 
324 424 308 423 312 459 0   392 359 63  
326 353 303 181 179 492 427 81  134 85  
253 469 367 413 259 191 411 255 133 394 
365 430 153 234 103 343 182 411 97  216 
469 452 33  477 444 176 303 78  493 180 
119 254 380 175 41  290 356 87  372 89  
91  164 299 142 47  478 380 463 239 402 
153 469 331 340 223 71  315 368 77  495 
190 234 390 191 317 188 126 221 125 326 
78  253 187 459 298 418 95  475 139 439 
207 379 446 283 241 389 39  371 362 176 
164 52  212 238 384 208 90  396 295 184 
390 165 257 328 248 415 235 66  173 399 
57  471 411 331 273 182 15  413 491 194 
62  293 413 252 276 39  248 429 358 351 
208 286 192 445 8   132 202 12  310 52  
34  272 182 340 273 214 460 155 417 81  
71  399 260 147 267 492 47  106 467 487 
273 144 316 128 249 391 376 68  273 125 
406 238 484 275 237 101 283 452 355 349 
391 181 72  426 398 402 427 166 99  295 
201 361 159 336 131 172 34  354 240 309 
357 172 4   484 209 172 51  354 28  9   
294 377 134 84  266 224 218 190 349 64  
298 82  249 308 368 259 155 109 163 301 
425 149 74  71  71  272 143 347 163 48  
427 49  208 473 288 88  260 356 59  182 
280 365 419 259 87  430 389 177 141 59  
309 283 127 351 484 478 368 284 208 339 
450 405 466 275 481 339 446 71  107 126 
128 20  457 250 453 41  296 342 4   430 
140 35  18  277 485 63  176 483 411 128 
235 274 463 196 496 56  58  371 417 266 
230 455 431 346 211 22  110 498 132 233 
330 22  489 12  92  307 475 174 68  17  
7   106 272 126 431 498 201 104 175 355 
491 61  462 2   303 5   59  217 313 48  
490 341 120 496 55  126 45  321 19  187 
181 175 220 184 118 28  418 241 96  27  
287 277 374 196 42  311 216 148 380 228 
202 0   443 213 152 365 420 478 75  351 
174 114 404 326 407 253 255 196 199 92  
263 240 143 49  289 262 83  130 438 361 
239 214 97  245 166 173 76  413 496 291 
361 316 375 280 151 342 180 170 378 233 
387 300 149 397 50  277 371 473 373 360 
301 498 27  191 302 333 244 162 370 124 
452 21  30  257 495 320 476 295 442 414 
131 365 305 192 267 80  73  231 10  427 
71  408 41  421 429 139 337 394 437 359 
348 22  480 16  464 298 17  182 226 28  
86  197 142 398 150 104 459 182 495 106 
5   77  14  227 422 455 81  235 438 217 
376 60  152 330 295 321 186 219 327 359 
348 391 63  123 256 297 489 220 206 331 
465 295 176 494 177 348 77  435 214 278 
21  174 370 301 28  277 138 408 240 152 
257 154 392 198 350 493 495 378 67  1   
248 354 315 349 487 140 177 115 200 160 
281 301 254 257 98  199 51  363 4   443 
82  312 476 415 237 270 411 302 368 77  
267 486 462 353 472 16  422 21  269 112 
88  469 293 262 217 346 381 218 93  20  
450 256 420 108 328 303 327 163 269 438 
99  181 150 223 54  430 353 472 145 107 
386 76  102 172 19  247 243 172 214 60  
198 488 20  334 142 265 296 288 474 168 
204 254 325 135 380 377 65  158 165 322 
36  412 332 482 468 43  250 340 110 320 
2   279 402 206 317 397 120 356 41  389 
286 351 21  261 468 199 296 119 100 113 
337 97  460 108 86  118 248 130 71  15  
48  30  252 434 377 120 165 58  175 116 
94  163 7   242 316 399 98  21  111 201 
362 107 160 490 191 221 0   353 64  451 
54  178 35  126 381 470 395 408 449 124 
341 360 128 20  177 110 404 73  33  137 
248 420 154 455 111 155 490 125 336 62  
374 61  62  429 197 320 17  301 24  255 
345 296 371 327 491 107 436 495 198 42  
275 435 432 383 114 443 493 410 370 354 
491 237 269 215 251 26  177 407 87  193 
200 80  248 272 466 38  170 188 257 369 
330 334 343 154 134 242 209 357 367 267 
253 254 44  378 369 174 266 195 298 108 
0   454 424 309 383 378 40  473 25  36  
442 279 491 102 133 423 395 194 471 258 
85  128 13  366 172 298 393 166 311 283 
370 459 267 434 26  332 230 366 495 160 
362 2   396 439 361 193 60  222 467 281 
31  406 486 131 40  241 270 121 431 459 
77  139 380 384 309 335 208 315 488 218 
374 15  354 250 124 367 413 383 222 419 
205 58  391 64  471 303 372 161 64  49  
366 20  49  234 68  427 453 365 464 120 
221 44  8   341 320 489 156 284 143 376 
466 234 142 422 114 2   159 369 332 184 
458 296 182 90  3   236 86  252 168 42  
160 383 214 147 411 27  481 202 430 145 
70  305 320 6   181 15  61  454 35  480 
119 295 498 153 232 146 434 241 338 338 
330 200 490 246 7   28  42  349 472 489 
176 448 239 229 260 428 403 360 226 197 
499 448 223 330 401 456 126 130 434 42  
408 126 186 251 484 315 235 346 345 435 
63  191 460 119 217 405 246 348 27  489 
438 439 314 282 275 209 493 122 149 490 
49  90  364 104 160 113 465 436 219 457 
444 69  166 263 445 128 329 248 455 430 
146 479 89  195 464 185 159 7   274 342 
381 448 380 266 491 148 318 56  161 491 
106 145 483 350 370 401 395 409 191 370 
241 262 28  253 172 379 226 21  475 154 
152 121 467 190 325 413 251 253 129 355 
95  29  69  87  482 35  135 150 370 134 
442 43  481 479 348 244 241 13  132 82  
3   464 138 273 149 106 0   499 93  269 
172 367 393 173 36  458 249 465 60  365 
66  17  478 236 428 179 422 230 257 18  
273 89  275 338 456 160 308 426 349 224 
182 430 1   27  242 249 458 59  4   365 
422 178 243 201 256 344 120 468 171 269 
405 354 498 225 468 64  435 454 85  279 
303 181 360 57  240 47  430 47  79  117 
451 86  136 301 457 333 452 191 11  147 
495 229 308 217 410 30  44  281 43  137 
255 64  318 425 457 162 458 183 114 132 
400 92  11  327 259 455 168 334 69  262 
303 367 129 20  385 270 138 313 380 19  
191 7   157 223 411 172 283 268 363 272 
208 340 177 300 50  175 23  475 132 360 
332 272 114 134 218 368 122 451 370 5   
337 156 164 99  465 358 318 30  332 361 
302 193 301 171 225 326 385 303 495 473 
437 34  293 61  311 70  314 344 370 162 
281 235 453 461 117 102 218 114 102 376 
275 471 263 371 9   468 385 341 85  307 
223 106 40  486 491 166 209 420 144 493 
45  348 339 289 290 18  151 443 252 103 
316 442 72  287 412 40  49  205 217 17  
361 331 325 341 459 78  490 49  74  316 
272 474 163 117 270 421 50  103 237 362 
271 477 267 422 326 385 50  18  235 196 
375 151 480 443 126 459 280 447 147 141 
385 206 207 491 71  152 87  274 423 39  
256 412 43  319 360 174 163 389 356 397 
449 422 238 38  320 26  329 318 221 197 
74  259 374 462 365 24  220 303 65  225 
348 308 496 223 168 487 182 481 350 346 
180 311 401 171 240 62  44  389 39  252 
300 400 174 421 417 307 265 402 351 456 
265 273 177 240 116 438 114 339 418 92  
407 390 282 246 209 162 306 375 495 156 
239 12  399 168 340 34  374 283 104 460 
345 4   10  382 209 56  453 42  413 436 
472 145 71  75  27  194 211 425 151 22  
467 107 83  287 432 80  291 7   357 388 
217 383 146 39  410 177 34  59  214 33  
161 378 307 247 256 238 223 225 421 150 
16  438 3   106 367 416 482 453 468 370 
391 402 117 397 494 156 65  477 347 211 
16  254 359 232 144 123 399 407 49  225 
414 338 164 60  327 172 28  479 393 107 
371 85  214 263 420 9   302 225 173 262 
400 286 150 93  497 304 494 3   312 193 
362 353 98  189 384 215 111 410 178 405 
376 366 487 344 319 294 185 300 240 312 
111 476 357 254 13  483 472 400 358 238 
328 329 121 118 445 443 487 159 12  45  
300 397 477 22  132 230 343 134 308 168 
349 26  89  456 331 361 177 167 13  65  
295 144 225 168 463 267 295 271 42  76  
168 418 19  471 107 370 344 487 208 80  
399 284 2   407 71  233 184 279 353 165 
410 347 122 198 269 412 200 432 52  118 
409 347 132 32  134 455 439 175 448 323 
216 48  203 400 402 303 313 267 461 34  
161 114 289 29  179 71  366 422 479 217 
488 201 471 11  172 434 86  222 315 241 
299 374 221 38  307 312 352 493 58  215 
190 268 362 157 373 133 329 95  214 373 
392 111 439 166 369 72  77  95  455 223 
340 340 38  205 189 437 273 129 222 299 
110 124 80  247 356 250 485 181 460 31  
151 367 404 341 306 201 302 427 277 72  
228 187 254 212 300 272 407 23  269 3   
479 239 298 274 321 353 451 162 247 166 
486 102 39  318 155 483 355 196 459 399 
422 309 33  384 129 137 275 261 2   386 
372 396 423 106 170 302 55  323 361 203 
146 84  340 424 417 299 424 390 187 345 
51  44  178 102 408 436 102 94  143 22  
428 275 297 318 454 195 369 111 173 244 
445 0   2   203 485 309 41  198 132 493 
235 9   315 43  359 367 258 239 139 68  
377 62  244 289 438 356 36  4   260 461 
210 130 429 486 467 258 403 266 115 95  
339 268 261 356 315 271 28  407 438 499 
346 315 241 354 66  418 288 375 465 299 
498 345 456 307 485 411 257 187 334 194 
327 117 12  468 95  486 298 32  428 343 
169 470 85  23  486 29  422 233 21  318 
405 318 264 378 414 492 427 30  224 0   
79  458 313 49  27  460 467 307 109 327 
57  487 50  216 126 187 389 147 20  461 
217 405 84  335 261 176 268 21  168 216 
16  410 194 313 425 28  169 120 103 158 
79  315 322 467 387 379 300 5   53  196 
356 147 96  436 62  326 486 480 185 82  
338 347 113 329 490 247 463 76  326 369 
166 152 65  352 151 263 324 113 3   443 
267 361 71  259 249 488 499 5   155 456 
319 482 401 385 364 244 71  140 211 33  
61  474 312 405 446 454 116 278 450 149 
230 402 183 253 287 348 444 484 388 355 
79  7   465 419 265 334 179 77  299 301 
402 433 347 247 332 1   163 102 41  233 
225 32  79  90  172 145 113 88  358 124 
283 95  23  422 440 439 245 240 72  18  
91  233 446 354 295 277 84  260 107 167 
198 5   16  349 477 450 398 235 338 269 
307 421 342 182 310 155 6   211 493 1   
349 460 358 368 45  33  158 230 59  274 
35  450 111 283 332 232 148 128 15  457 
464 304 210 162 355 40  289 389 108 255 
106 21  456 103 298 67  273 58  95  321 
9   370 387 481 181 454 88  393 220 38  
268 331 213 457 468 483 108 133 99  200 
210 478 356 14  167 346 367 349 228 405 
175 71  323 77  430 151 94  181 341 321 
349 101 360 411 19  148 48  65  287 392 
101 93  421 142 82  46  56  327 46  198 
452 134 338 50  451 499 457 345 451 87  
323 351 292 437 49  343 36  112 131 131 
414 218 214 35  99  125 337 421 62  452 
375 259 171 460 431 405 214 136 247 77  
105 309 369 60  439 438 351 234 94  243 
0   217 304 320 151 386 322 196 312 21  
188 330 381 103 360 417 211 60  228 27  
373 322 86  211 491 138 175 499 75  157 
279 283 116 136 373 68  344 471 344 475 
340 80  76  109 117 230 174 459 73  252 
210 486 198 484 412 437 111 287 57  218 
52  75  354 97  79  314 173 374 284 237 
407 434 124 301 125 405 426 337 23  359 
322 28  474 23  75  360 278 55  250 323 
435 497 372 112 299 169 128 422 16  388 
220 132 197 432 81  273 139 302 177 46  
458 312 169 480 402 387 416 244 131 448 
147 32  263 405 376 125 78  334 411 473 
118 492 459 229 388 451 195 359 218 191 
458 376 51  332 431 281 240 98  388 23  
333 425 371 320 287 49  6   360 335 318 
486 29  223 307 30  63  331 53  161 431 
62  397 220 340 322 317 100 378 34  143 
183 346 495 110 441 135 393 43  386 32  
430 195 11  425 443 226 289 330 362 459 
316 245 204 16  367 44  239 20  343 263 
427 16  483 491 409 15  243 467 296 429 
236 474 475 162 126 345 222 338 311 423 
265 240 367 298 6   112 96  127 487 349 
201 45  430 211 329 197 119 40  73  354 
275 329 494 488 226 303 272 18  336 242 
464 160 40  90  431 433 433 252 395 49  
464 296 317 71  85  193 184 97  349 436 
136 411 176 257 163 337 460 18  100 447 
394 304 445 256 403 51  31  38  281 278 
7   307 251 205 83  1   299 430 370 18  
271 40  276 299 246 73  497 409 363 398 
171 485 370 362 366 152 18  325 332 46  
411 460 201 216 216 343 461 111 348 393 
431 252 309 345 208 489 29  303 277 21  
376 84  149 490 270 218 470 454 265 158 
406 432 49  379 36  129 336 295 317 150 
36  24  204 447 67  460 361 229 133 241 
306 488 388 372 105 404 232 485 186 193 
240 490 196 252 489 47  61  252 141 265 
463 481 267 265 281 20  365 352 230 115 
266 421 180 214 233 142 56  247 194 206 
37  61  255 347 90  107 122 16  116 259 
309 381 316 477 313 297 45  10  240 336 
292 252 272 377 485 336 233 198 353 45  
226 199 36  215 71  103 349 408 171 37  
100 481 267 51  200 357 10  72  405 117 
174 383 359 91  23  382 95  185 387 392 
25  408 198 246 451 238 162 24  105 343 
194 403 98  447 122 106 346 385 259 242 
24  42  404 50  418 361 224 175 178 217 
410 267 7   487 77  404 109 338 454 260 
201 217 310 106 325 112 468 499 395 333 
94  463 127 340 79  281 97  100 213 306 
159 121 272 148 376 247 395 197 94  492 
121 12  318 73  275 410 182 360 344 34  
90  358 348 162 425 67  330 372 433 162 
127 485 218 476 120 319 348 463 320 153 
16  31  485 171 312 35  141 47  396 236 
6   367 388 355 186 468 387 136 4   239 
102 211 435 197 94  326 50  344 314 187 
48  36  4   251 153 215 446 271 60  253 
184 479 426 42  80  300 406 281 77  458 
131 185 187 185 471 466 247 339 374 479 
271 319 143 381 217 377 144 238 356 298 
16  499 53  25  256 223 171 482 70  469 
10  69  490 331 145 338 405 212 235 452 
156 295 390 268 269 157 333 292 196 421 
355 139 361 262 304 470 168 425 1   464 
408 172 262 202 40  489 376 2   432 431 
331 188 372 485 252 289 154 140 56  344 
260 136 395 363 207 254 225 339 246 285 
85  158 414 497 399 52  227 19  383 51  
419 86  106 72  482 165 308 415 90  306 
115 42  236 71  67  152 70  191 127 351 
58  327 347 253 215 57  78  207 442 437 
346 139 32  110 382 250 126 231 187 220 
237 367 261 52  276 34  104 200 298 257 
383 119 120 159 352 479 235 200 146 183 
25  110 86  265 230 207 43  105 465 271 
389 131 356 306 4   8   212 184 414 243 
268 371 352 253 397 276 72  151 34  10  
41  461 68  295 63  474 377 49  194 138 
337 456 89  345 1   345 409 202 56  106 
44  364 26  494 455 455 103 296 351 122 
467 343 191 144 76  333 144 317 401 312 
267 87  495 312 335 376 330 170 303 353 
108 200 414 191 382 286 63  193 403 185 
439 294 224 254 281 69  303 181 338 462 
26  175 449 79  248 17  84  279 365 10  
495 377 312 254 121 360 10  411 413 289 
374 32  267 146 361 73  55  230 418 226 
328 353 380 55  417 438 46  104 468 422 
160 24  128 118 365 408 169 356 188 269 
461 69  110 313 133 203 496 94  280 321 
377 399 403 247 351 336 174 185 327 188 
186 485 401 414 328 81  141 189 165 241 
254 263 454 213 157 355 477 31  350 154 
480 158 13  19  295 443 499 174 213 231 
474 43  455 193 342 346 283 197 233 210 
162 54  382 303 128 131 6   340 417 12  
475 20  437 55  176 27  107 322 376 461 
317 452 86  59  291 314 298 493 402 362 
486 7   351 480 343 263 48  165 364 334 
206 70  219 234 489 222 400 19  315 38  
475 56  259 116 249 481 385 462 489 495 
421 133 386 432 297 181 9   256 498 314 
157 26  243 208 103 338 464 295 431 139 
376 293 10  361 139 224 458 405 105 263 
127 32  63  493 443 457 471 164 48  397 
90  239 256 456 293 474 137 346 19  104 
3   187 46  403 371 206 44  167 229 83  
460 152 96  216 77  354 344 209 22  482 
228 308 422 331 249 284 107 460 471 39  
29  411 27  82  60  422 240 232 354 266 
490 83  62  146 76  466 2   289 492 402 
470 498 185 343 121 142 440 57  231 71  
351 136 395 136 398 97  491 256 171 11  
439 268 153 164 234 303 79  135 403 101 
241 366 242 388 119 363 333 116 117 141 
193 254 91  160 345 161 462 392 123 317 
242 154 224 153 78  368 405 230 217 347 
331 218 194 54  139 336 294 160 266 430 
212 90  358 37  66  370 326 264 10  211 
75  131 439 475 396 257 109 389 410 340 
166 230 167 300 367 305 172 411 74  102 
82  419 445 9   34  492 19  460 311 416 
86  186 143 236 273 56  429 149 270 79  
262 363 470 112 11  400 28  45  422 384 
192 489 34  348 449 158 400 468 28  428 
331 18  414 336 32  479 124 218 55  288 
338 108 309 302 6   360 290 497 393 316 
180 447 174 124 100 139 70  148 313 160 
0   243 407 165 166 499 86  21  472 17  
31  99  499 263 378 9   176 312 153 36  
358 320 343 229 149 352 316 183 141 213 
464 41  175 108 119 113 498 433 56  333 
93  244 137 396 194 487 133 345 326 270 
307 84  303 339 18  277 78  449 474 25  
443 471 26  162 125 465 34  314 50  215 
299 431 363 465 444 229 44  273 416 17  
22  346 449 209 360 277 115 343 19  195 
121 411 202 359 275 351 22  24  12  113 
375 76  382 375 258 442 245 38  151 73  
436 9   6   86  102 103 38  392 287 296 
98  374 133 244 132 5   394 248 370 466 
171 85  7   334 210 74  86  480 195 189 
69  119 352 386 312 305 11  155 131 362 
28  47  38  273 375 124 123 316 439 306 
5   475 416 198 199 459 167 443 219 83  
135 248 333 298 421 219 310 286 479 448 
117 185 6   284 395 150 199 43  321 394 
411 288 328 471 182 117 152 8   436 211 
165 259 232 438 390 156 82  196 235 86  
68  226 150 207 28  44  56  263 52  494 
317 421 414 271 373 109 422 433 280 425 
449 185 193 19  143 180 442 15  409 13  
387 497 91  162 176 469 275 138 11  377 
103 325 115 202 495 69  473 51  351 166 
217 238 439 449 241 344 84  321 404 124 
118 447 130 11  426 391 13  290 139 458 
79  455 311 382 7   393 75  152 61  423 
203 265 42  399 350 167 10  255 258 405 
104 119 334 318 196 428 205 405 235 416 
79  404 144 3   161 371 196 38  214 228 
399 394 274 105 86  175 265 48  69  470 
430 101 390 183 89  488 149 247 83  465 
397 209 303 457 458 259 160 459 104 68  
378 47  85  332 81  258 327 223 177 75  
353 445 351 75  290 426 286 135 153 473 
473 454 234 118 52  444 337 164 341 279 
135 464 446 247 81  108 200 189 492 319 
182 348 325 178 66  390 48  38  238 282 
400 114 115 220 432 211 314 166 197 198 
492 85  371 399 432 168 381 100 230 92  
25  91  51  207 319 95  374 31  356 368 
433 425 486 378 200 235 158 444 180 306 
19  309 460 368 381 127 261 264 112 150 
28  290 318 323 464 109 266 397 404 416 
158 348 229 177 303 245 248 204 64  125 
383 288 149 449 82  469 181 256 460 37  
466 375 473 64  479 346 10  18  125 56  
235 388 42  29  129 193 344 466 36  490 
446 449 63  384 232 305 485 234 271 52  
38  298 467 359 238 396 64  186 113 208 
262 476 8   23  117 85  39  174 163 494 
328 154 120 465 34  143 49  302 54  166 
64  93  338 404 239 422 251 157 345 181 
444 269 336 101 119 254 437 74  276 130 
454 285 483 415 350 73  219 192 406 368 
464 429 490 384 345 254 238 423 195 416 
78  292 208 368 375 342 23  208 8   373 
63  119 203 263 82  421 349 61  212 203 
249 399 184 384 395 246 254 60  20  155 
350 399 467 402 124 182 435 117 433 245 
280 50  229 276 232 392 228 284 275 337 
482 161 84  331 134 318 105 152 330 346 
169 182 181 68  129 177 213 233 209 308 
280 350 459 489 313 246 459 104 86  473 
309 160 208 325 253 299 97  215 166 433 
317 449 173 72  480 7   234 471 439 55  
219 340 361 202 427 425 424 20  138 66  
40  491 8   179 139 35  463 445 77  452 
337 35  294 248 84  93  294 494 331 225 
441 28  54  336 191 177 286 20  149 402 
388 451 69  162 214 126 466 443 182 143 
336 100 289 492 18  167 19  321 196 7   
221 231 195 307 402 426 43  276 351 248 
181 437 89  167 337 79  453 121 254 478 
49  274 459 427 484 26  384 443 460 263 
50  450 419 169 122 360 284 472 17  266 
154 474 352 52  293 358 106 189 427 172 
278 147 2   222 257 129 25  410 465 123 
456 432 207 385 388 107 14  235 86  111 
468 39  175 182 437 415 312 403 389 440 
362 102 115 271 76  338 132 63  268 303 
168 68  156 112 311 306 274 196 338 257 
458 179 473 147 110 475 316 310 130 224 
193 173 393 161 321 177 103 211 404 12  
249 255 346 180 270 55  31  400 8   441 
167 61  450 16  471 375 103 79  11  262 
455 439 80  387 408 411 323 41  284 202 
26  457 256 396 27  409 380 17  327 52  
397 270 285 59  180 1   87  166 50  32  
251 142 203 405 406 314 474 73  422 351 
185 137 170 305 489 247 306 14  361 221 
146 37  271 427 79  47  95  180 40  125 
259 335 375 135 14  482 480 310 109 218 
93  336 403 348 263 392 132 448 259 68  
224 396 229 95  137 312 77  26  242 403 
39  51  22  268 89  431 201 266 206 196 
348 40  489 375 134 173 293 482 353 491 
300 454 279 42  339 359 255 140 484 148 
235 223 47  440 347 267 313 72  370 392 
475 487 139 81  329 53  443 146 6   268 
1   488 282 332 433 359 497 155 261 321 
144 35  17  196 357 180 459 155 304 142 
194 161 203 92  378 7   82  336 188 77  
168 137 370 438 168 175 158 319 51  278 
115 41  308 161 168 114 481 356 260 73  
30  0   250 181 100 346 482 136 15  202 
99  276 339 101 278 426 128 301 330 93  
300 373 386 181 101 41  296 308 222 15  
140 86  294 353 140 492 127 281 277 104 
378 207 466 291 68  441 183 192 170 41  
317 431 104 358 428 204 54  272 145 43  
177 329 201 303 345 188 70  442 7   393 
76  205 252 449 183 140 230 24  299 292 
211 264 159 207 348 4   10  428 376 456 
219 319 197 435 497 299 70  66  343 78  
286 35  139 313 167 74  436 342 154 486 
284 206 111 460 156 142 172 315 117 55  
147 280 463 212 391 128 294 157 230 329 
58  186 232 290 443 194 291 305 87  420 
228 320 16  229 333 88  245 156 275 420 
483 178 86  5   311 194 426 168 310 420 
492 397 221 320 406 170 178 230 163 411 
487 135 399 481 86  314 17  260 192 136 
78  446 258 205 89  137 336 276 227 439 
244 181 469 196 363 5   428 348 218 158 
0   435 124 483 336 353 265 34  409 61  
330 243 328 377 72  200 425 295 443 208 
474 58  244 456 341 40  384 37  369 423 
454 333 158 269 318 196 230 249 311 274 
195 154 92  142 262 430 7   79  270 375 
98  240 406 69  174 77  267 212 480 411 
362 191 189 1   364 350 489 45  334 175 
463 81  203 15  240 463 140 480 126 377 
475 86  139 93  252 138 114 264 244 113 
483 165 98  377 213 256 58  156 85  468 
388 266 141 386 402 201 140 74  13  99  
440 19  497 179 464 491 299 167 324 124 
443 417 21  265 222 132 29  279 17  214 
458 207 191 383 213 436 399 7   219 117 
458 19  411 245 200 486 307 393 324 483 
48  350 445 115 358 220 437 268 53  442 
193 125 256 475 31  88  299 368 480 345 
4   198 38  133 482 451 391 116 498 264 
394 306 14  22  469 236 18  42  8   293 
220 165 177 39  459 219 221 296 200 474 
30  404 357 199 146 333 45  421 446 255 
203 305 334 321 130 340 108 358 430 174 
151 412 148 24  238 147 184 125 401 423 
430 94  383 183 469 430 161 365 208 486 
222 370 185 450 27  139 20  88  129 172 
84  370 141 488 436 446 479 221 305 379 
162 10  490 223 11  226 132 12  220 443 
27  404 411 2   236 140 347 301 257 473 
441 110 37  312 279 314 133 480 485 310 
371 443 157 96  329 247 257 389 202 264 
286 206 42  49  148 473 320 318 455 237 
395 253 128 185 214 225 388 109 465 294 
408 41  423 207 61  77  305 364 374 73  
367 280 312 222 473 382 442 450 429 362 
273 113 207 374 377 452 101 301 317 289 
181 176 111 86  171 104 75  82  335 431 
290 25  451 350 6   220 25  482 440 378 
387 222 281 253 414 333 285 279 288 236 
169 430 441 266 331 162 357 33  387 130 
212 156 36  2   306 75  135 159 116 319 
235 11  386 283 178 407 183 49  391 115 
462 461 109 73  158 323 443 64  320 400 
12  437 479 366 88  71  420 487 224 124 
115 211 255 384 450 433 225 257 165 260 
304 147 338 378 21  149 154 496 232 96  
267 343 455 416 395 11  296 112 309 122 
88  161 339 367 139 142 168 331 474 411 
194 356 112 447 38  193 116 18  7   285 
389 179 204 239 11  138 402 389 145 317 
358 287 300 212 86  347 363 175 494 339 
428 403 121 83  6   327 209 47  94  5   
7   310 247 7   234 468 465 103 423 189 
301 423 49  492 419 449 142 295 348 486 
413 319 187 199 174 303 318 180 135 84  
180 325 92  311 277 55  25  146 196 8   
366 219 300 477 199 283 370 434 165 47  
154 319 314 176 340 494 136 0   325 477 
164 451 390 158 252 111 92  140 149 124 
269 440 283 371 86  71  421 141 261 161 
373 254 212 267 379 478 267 305 169 12  
139 431 476 34  31  113 125 228 248 128 
438 28  75  487 246 192 278 110 461 122 
27  85  393 189 131 465 126 333 103 451 
452 61  83  369 351 451 364 420 330 224 
404 426 92  448 299 93  7   316 100 309 
133 177 93  55  301 476 427 361 206 85  
241 72  346 225 318 163 365 95  245 82  
435 284 397 487 143 213 77  167 302 29  
185 428 80  68  442 114 193 431 487 448 
30  313 400 76  425 466 215 461 498 58  
17  184 224 15  166 109 224 387 372 44  
315 436 341 40  278 289 315 2   41  382 
107 261 416 102 289 228 482 64  251 224 
491 471 48  316 465 343 132 370 261 305 
173 489 446 65  247 492 302 37  207 351 
373 116 224 184 475 272 140 291 25  493 
78  259 486 400 499 225 374 78  14  122 
87  41  223 460 276 259 492 248 330 48  
407 490 93  471 182 341 419 111 476 385 
243 40  451 114 424 179 286 320 347 386 
245 331 295 133 23  311 403 20  303 12  
333 26  458 210 125 437 232 473 292 179 
41  399 110 112 70  186 78  417 116 471 
32  49  396 475 379 394 400 358 340 430 
85  337 383 178 233 428 73  359 499 95  
470 271 176 40  211 274 276 414 86  422 
186 177 25  7   448 342 97  104 403 307 
84  230 114 50  152 450 56  255 257 468 
282 268 161 420 209 52  151 138 49  282 
154 274 483 431 370 250 217 66  375 46  
372 368 77  244 37  292 412 20  310 35  
214 350 22  131 209 163 491 304 249 240 
8   355 317 252 56  355 96  188 266 257 
403 242 438 337 249 183 482 281 464 73  
172 200 194 439 299 368 218 269 131 91  
272 467 182 240 210 178 441 264 409 87  
460 407 272 446 221 8   439 345 146 284 
10  260 269 451 398 60  332 207 160 481 
297 405 438 329 7   53  35  338 161 438 
3   293 142 282 333 455 134 71  275 448 
169 70  51  275 94  343 11  389 17  457 
108 346 412 399 446 184 58  295 359 257 
337 282 284 347 493 428 112 229 381 177 
260 29  62  297 152 8   358 164 128 490 
391 433 232 307 156 456 443 281 51  241 
82  462 76  395 342 68  369 236 124 36  
154 371 420 244 14  92  47  356 298 131 
364 279 362 67  466 153 270 48  27  220 
343 175 400 255 242 109 283 202 301 143 
57  343 435 392 458 405 316 467 197 451 
442 83  17  59  281 300 412 68  250 183 
277 488 2   229 377 98  493 345 361 343 
157 360 395 392 3   176 330 175 241 407 
235 197 73  360 98  451 105 151 472 312 
347 458 489 391 395 116 177 265 275 289 
311 208 250 179 186 157 352 51  404 303 
93  47  356 198 267 426 66  499 466 184 
376 344 374 200 139 423 371 55  492 262 
292 488 353 365 264 472 115 83  306 310 
264 194 191 495 51  61  358 478 367 331 
135 276 458 362 362 166 188 129 149 79  
186 298 5   483 387 270 326 352 160 118 
447 404 246 102 424 439 218 168 199 335 
124 463 292 78  113 64  172 3   310 209 
322 30  384 388 434 444 65  499 401 278 
402 481 108 482 367 403 123 148 280 365 
209 50  481 30  490 90  373 155 420 359 
362 482 158 66  76  482 318 466 183 443 
164 22  253 362 419 350 89  327 225 398 
261 468 22  66  458 486 189 88  298 307 
477 470 452 122 64  387 355 30  493 146 
