200
128 256 37  73  449 177 269 76  443 419 
492 119 347 452 353 273 217 337 127 434 
39  453 192 282 458 229 416 2   188 449 
271 453 96  41  363 15  207 97  13  180 
125 2   305 56  419 38  407 458 394 454 
89  319 231 170 191 205 16  28  498 176 
492 361 396 279 283 172 383 389 476 380 
192 153 222 353 86  416 348 146 194 431 
120 401 229 237 35  305 161 210 291 444 
28  7   4   145 27  20  195 13  305 32  
244 94  367 348 407 291 31  266 158 161 
207 103 13  449 424 143 434 28  254 192 
141 391 291 106 202 175 204 285 362 243 
246 323 64  43  317 311 229 257 477 219 
437 210 230 82  440 456 493 109 11  473 
415 315 144 102 210 86  321 93  418 448 
455 432 194 186 50  267 383 252 486 311 
472 429 374 420 302 173 448 200 129 448 
220 353 344 136 54  197 386 413 465 48  
258 476 433 498 312 358 419 273 392 307 
